<?xml version="1.0"?>
<opencv_storage>
<calibration_Time>"Mon Apr  8 14:46:11 2019"</calibration_Time>
<nrOfFrames>2</nrOfFrames>
<image_Width>112</image_Width>
<image_Height>112</image_Height>
<board_Width>7</board_Width>
<board_Height>6</board_Height>
<square_Size>1.</square_Size>
<FixAspectRatio>1.</FixAspectRatio>
<!-- flags:  +fix_aspectRatio +fix_principal_point +zero_tangent_dist -->
<flagValue>14</flagValue>
<Camera_Matrix type_id="opencv-matrix">
  <rows>3</rows>
  <cols>3</cols>
  <dt>d</dt>
  <data>
    1.9435494965485543e+02 0. 5.5500000000000000e+01 0.
    1.9435494965485543e+02 5.5500000000000000e+01 0. 0. 1.</data></Camera_Matrix>
<Distortion_Coefficients type_id="opencv-matrix">
  <rows>5</rows>
  <cols>1</cols>
  <dt>d</dt>
  <data>
    1.8749995414564089e+00 -8.1959543498061620e+01 0. 0.
    6.2033712003569826e+02</data></Distortion_Coefficients>
<Avg_Reprojection_Error>2.5299500699180530e+00</Avg_Reprojection_Error>
<Per_View_Reprojection_Errors type_id="opencv-matrix">
  <rows>2</rows>
  <cols>1</cols>
  <dt>f</dt>
  <data>
    3.21341586e+00 1.57329381e+00</data></Per_View_Reprojection_Errors>
<!-- a set of 6-tuples (rotation vector + translation vector) for each view -->
<Extrinsic_Parameters type_id="opencv-matrix">
  <rows>2</rows>
  <cols>6</cols>
  <dt>d</dt>
  <data>
    -7.9527772715474261e-04 5.3986429359219357e-01
    2.1472878665145963e-02 -2.9406655232867855e+00
    -2.5884441668515414e+00 1.4151348523285234e+01
    1.7191458892678851e-02 -1.4893464406511653e-01
    -1.2373692804029071e-02 -2.9510856478855252e+00
    -2.5901850225157617e+00 1.2948337793445779e+01</data></Extrinsic_Parameters>
<Image_points type_id="opencv-matrix">
  <rows>2</rows>
  <cols>42</cols>
  <dt>"2f"</dt>
  <data>
    2.15754013e+01 1.97678032e+01 2.16275940e+01 1.97731266e+01
    3.33340454e+01 1.81884346e+01 5.09983253e+01 1.74310703e+01
    6.44414902e+01 1.63456135e+01 7.76471405e+01 1.55232954e+01
    9.20709991e+01 1.46980848e+01 2.17135067e+01 3.29091568e+01
    2.19572563e+01 3.28426437e+01 3.32211609e+01 3.28351250e+01
    5.11921272e+01 3.21481018e+01 6.45213699e+01 3.20572319e+01
    7.83137817e+01 3.16062393e+01 9.24470367e+01 3.14489994e+01
    2.10699673e+01 4.75189362e+01 2.13593979e+01 4.75563087e+01
    3.32812119e+01 4.73427925e+01 5.10708656e+01 4.76366539e+01
    6.43571930e+01 4.76337700e+01 7.81996384e+01 4.77106819e+01
    9.24769745e+01 4.78710823e+01 2.14206867e+01 6.14030876e+01
    2.15140419e+01 6.14050713e+01 3.40010643e+01 6.22832794e+01
    5.13618355e+01 6.28283653e+01 6.44276276e+01 6.34664268e+01
    7.80027847e+01 6.39474983e+01 9.23170319e+01 6.44590988e+01
    2.15862789e+01 7.58473358e+01 2.17099228e+01 7.58386536e+01
    3.33177071e+01 7.64512100e+01 4.45292358e+01 7.77369995e+01
    6.38619766e+01 7.90126343e+01 7.74852829e+01 7.99940186e+01
    9.14936905e+01 8.05691071e+01 2.15764446e+01 8.94702530e+01
    2.17147903e+01 8.94399872e+01 3.28706474e+01 9.11554489e+01
    4.47410240e+01 9.21448898e+01 6.33873215e+01 9.42706757e+01
    7.66842575e+01 9.54556198e+01 9.04929657e+01 9.65575485e+01
    1.26727009e+01 1.76163769e+01 2.84372826e+01 1.75046215e+01
    4.21122475e+01 1.74237671e+01 5.53550606e+01 1.73875065e+01
    6.91734314e+01 1.74208069e+01 8.23542862e+01 1.74313602e+01
    9.57446213e+01 1.74570713e+01 1.54124851e+01 3.24586220e+01
    2.84674740e+01 3.22760201e+01 4.16418037e+01 3.19845104e+01
    5.54532890e+01 3.18501930e+01 6.87046432e+01 3.17832527e+01
    8.25060730e+01 3.18360558e+01 9.56035156e+01 3.17043514e+01
    1.54570112e+01 4.67402077e+01 2.84194221e+01 4.66113586e+01
    4.17365227e+01 4.65928879e+01 5.54472618e+01 4.65001526e+01
    6.91795425e+01 4.64243088e+01 8.24989166e+01 4.63552170e+01
    9.56577606e+01 4.61557541e+01 1.33270969e+01 6.14233131e+01
    2.86781063e+01 6.14826736e+01 4.22814865e+01 6.14193230e+01
    5.55661469e+01 6.12006645e+01 6.92668610e+01 6.07542000e+01
    8.25974197e+01 6.04941254e+01 9.57850418e+01 6.03656540e+01
    1.66811829e+01 7.61147766e+01 2.93274899e+01 7.59754791e+01
    4.26194191e+01 7.57020721e+01 5.62908936e+01 7.55457382e+01
    6.94985199e+01 7.53808441e+01 8.30046005e+01 7.46958237e+01
    9.63060837e+01 7.42526550e+01 1.50634403e+01 9.03798294e+01
    2.32848396e+01 9.04249115e+01 4.35508728e+01 9.01352539e+01
    5.67564774e+01 8.96497803e+01 7.02353745e+01 8.94366760e+01
    8.34185944e+01 8.86549225e+01 9.64913330e+01 8.80020752e+01</data></Image_points>
</opencv_storage>
