<?xml version="1.0"?>
<opencv_storage>
<calibration_Time>"Mon Apr  8 11:20:54 2019"</calibration_Time>
<nrOfFrames>2</nrOfFrames>
<image_Width>724</image_Width>
<image_Height>724</image_Height>
<board_Width>6</board_Width>
<board_Height>6</board_Height>
<square_Size>50.</square_Size>
<FixAspectRatio>1.</FixAspectRatio>
<!-- flags:  +fix_aspectRatio +fix_principal_point +zero_tangent_dist -->
<flagValue>14</flagValue>
<Camera_Matrix type_id="opencv-matrix">
  <rows>3</rows>
  <cols>3</cols>
  <dt>d</dt>
  <data>
    1.6773809437350340e+03 0. 3.6150000000000000e+02 0.
    1.6773809437350340e+03 3.6150000000000000e+02 0. 0. 1.</data></Camera_Matrix>
<Distortion_Coefficients type_id="opencv-matrix">
  <rows>5</rows>
  <cols>1</cols>
  <dt>d</dt>
  <data>
    5.7609654518727027e-01 7.0720161054442832e+00 0. 0.
    -1.3512744755611772e+02</data></Distortion_Coefficients>
<Avg_Reprojection_Error>3.0288224508961661e+00</Avg_Reprojection_Error>
<Per_View_Reprojection_Errors type_id="opencv-matrix">
  <rows>2</rows>
  <cols>1</cols>
  <dt>f</dt>
  <data>
    3.46625304e+00 2.51646996e+00</data></Per_View_Reprojection_Errors>
<!-- a set of 6-tuples (rotation vector + translation vector) for each view -->
<Extrinsic_Parameters type_id="opencv-matrix">
  <rows>2</rows>
  <cols>6</cols>
  <dt>d</dt>
  <data>
    6.1419765993084152e-01 6.1394297471206871e-01 1.5122829742723978e+00
    1.5137246470131991e+01 -1.1616947060816244e+02
    8.1038187799969285e+02 1.3780544278840691e-02
    -2.9684927874300504e-01 -1.7785497160697286e-02
    -4.8042481496194362e+01 -1.2999619272749692e+02
    8.8964245785528624e+02</data></Extrinsic_Parameters>
<Image_points type_id="opencv-matrix">
  <rows>2</rows>
  <cols>36</cols>
  <dt>"2f"</dt>
  <data>
    3.88395233e+02 1.16204475e+02 3.92000946e+02 2.22111938e+02
    3.90000549e+02 3.27599243e+02 3.88056091e+02 4.33298126e+02
    3.80825439e+02 5.38015137e+02 3.69654907e+02 6.39223022e+02
    3.18513489e+02 1.23492424e+02 3.21049683e+02 2.24925674e+02
    3.19420349e+02 3.26606842e+02 3.17949158e+02 4.27984070e+02
    3.11497070e+02 5.28549744e+02 3.02318420e+02 6.26643982e+02
    2.52059525e+02 1.30512405e+02 2.54310135e+02 2.27763794e+02
    2.53125214e+02 3.25488434e+02 2.51983658e+02 4.22793701e+02
    2.46527802e+02 5.19219116e+02 2.37892410e+02 6.13775940e+02
    1.89321548e+02 1.37381790e+02 1.90030502e+02 2.30459442e+02
    1.90256744e+02 3.24437805e+02 1.89296173e+02 4.17875610e+02
    1.84658432e+02 5.10997955e+02 1.77578110e+02 6.01476929e+02
    1.30495514e+02 1.43910233e+02 1.30582870e+02 2.33445145e+02
    1.31419678e+02 3.23122803e+02 1.29754318e+02 4.13140442e+02
    1.26078247e+02 5.02695404e+02 1.20022575e+02 5.90000061e+02
    7.51651535e+01 1.50292480e+02 7.66361237e+01 2.36428452e+02
    7.65293274e+01 3.21985962e+02 7.49540482e+01 4.08581451e+02
    7.17279663e+01 4.94404419e+02 6.63181839e+01 5.78558289e+02
    2.73992340e+02 1.15350761e+02 3.61438171e+02 1.14889435e+02
    4.49077850e+02 1.15463028e+02 5.35803284e+02 1.16121239e+02
    6.21450989e+02 1.17460754e+02 7.05108093e+02 1.18824150e+02
    2.73088593e+02 2.09472733e+02 3.60306976e+02 2.09256882e+02
    4.48515991e+02 2.08679932e+02 5.35517517e+02 2.08608200e+02
    6.21487366e+02 2.09015945e+02 7.05578369e+02 2.09007919e+02
    2.73131958e+02 3.04612213e+02 3.60862122e+02 3.03614868e+02
    4.49284515e+02 3.02401154e+02 5.36508789e+02 3.01618042e+02
    6.21667603e+02 3.00176361e+02 7.06330017e+02 2.98897797e+02
    2.75164124e+02 3.98787354e+02 3.62768311e+02 3.97555542e+02
    4.49809265e+02 3.96087738e+02 5.37272095e+02 3.94020172e+02
    6.22621338e+02 3.91615753e+02 7.07064026e+02 3.89251221e+02
    2.79592896e+02 4.92705444e+02 3.65540466e+02 4.90990295e+02
    4.52824066e+02 4.88814972e+02 5.38958191e+02 4.85546356e+02
    6.24088745e+02 4.82141052e+02 7.07829407e+02 4.78825775e+02
    2.84825531e+02 5.84796692e+02 3.70531830e+02 5.83383484e+02
    4.56319458e+02 5.79480347e+02 5.41461487e+02 5.76026794e+02
    6.26351196e+02 5.71329590e+02 7.08991333e+02 5.66074829e+02</data></Image_points>
</opencv_storage>
